C1355.v	41	32	180	40517
C499.v	41	32	624	39927
C17.v	5	2	6	11
misex3.v	14	14	3254	13553
my_adder.v	33	17	81	817
C3540.v	50	22	1237	33682

C1355.v	41	32	180	35066
C2670.v	233	64	761	2746
C499.v	41	32	624	55052
C1908.v	33	25	254	6496
C5315.v	178	123	1566	3744
C880.v	60	26	337	3410
C3540.v	50	22	1237	33682
C17.v	5	2	6	10
misex3.v	14	14	3254	398
too_large.v	38	3	5395	1612
my_adder.v	33	17	81	113

C1355.v.vtree	41	32	180	262075	0.2700
C2670.v.vtree	233	64	761	22599	0.0300
C499.v.vtree	41	32	624	343510	0.3700
C1908.v.vtree	33	25	254	86399	0.1000
C5315.v.vtree	178	123	1566	19247	0.0600
C880.v.vtree	60	26	337	27695	0.0200
C3540.v.vtree	50	22	1237	691806	2.9200
C17.v.vtree	5	2	6	9	0.0000
misex3.v.vtree	14	14	3254	21256	0.0600
too_large.v.vtree	38	3	5395	88341	0.1900
my_adder.v.vtree	33	17	81	610	0.0000

generated by test1(auto gc and minimize, output vtree)
======================================================
C2670.v	233	64	761	2693
C1908.v	33	25	254	6496
C5315.v	178	123	1566	3744
C880.v	60	26	337	3410
C17.v	5	2	6	10
misex3.v	14	14	3254	398
too_large.v	38	3	5395	1604
my_adder.v	33	17	81	113
sin.v	35	64	2681	448
cosin.v	35	64	2588	481
logsig.v	32	30	1287	514
minmax.v	42	23	171	2401
h264.v	10	11	679	261
voter31.v	31	1	366	609
parallel_search.v	32	8	226	704
cmul8.v	16	16	677	8715

generated by test3(extract variable order from vtree generated by test1,
		construct right-linear vtree, manually gc without minimize)
=======================================================
C2670.v.vtree	233	64	761	23001	0.0200
C1908.v.vtree	33	25	254	86399	0.0800
C5315.v.vtree	178	123	1566	19247	0.0600
C880.v.vtree	60	26	337	27695	0.0200
C17.v.vtree	5	2	6	9	0.0000
misex3.v.vtree	14	14	3254	21256	0.0500
too_large.v.vtree	38	3	5395	87815	0.1700
my_adder.v.vtree	33	17	81	610	0.0100
sin.v.vtree	35	64	2681	7689	0.0400
cosin.v.vtree	35	64	2588	7244	0.0300
logsig.v.vtree	32	30	1287	9708	0.0200
minmax.v.vtree	42	23	171	13580	0.0400
h264.v.vtree	10	11	679	3178	0.0100
voter31.v.vtree	31	1	366	5371	0.0200
parallel_search.v.vtree	32	8	226	9890	0.0100
cmul8.v.vtree	16	16	677	101939	1.4000

generated by test4(read (right-linear)vtree generated by test3
			manually gc without minimize)
======================================================
C2670.v.vtree	233	64	761	23001	0.0200
C1908.v.vtree	33	25	254	86399	0.1000
C5315.v.vtree	178	123	1566	19247	0.0500
C880.v.vtree	60	26	337	27695	0.0200
C17.v.vtree	5	2	6	9	0.0000
misex3.v.vtree	14	14	3254	21256	0.0500
too_large.v.vtree	38	3	5395	87815	0.1900
my_adder.v.vtree	33	17	81	610	0.0000
sin.v.vtree	35	64	2681	7689	0.0300
cosin.v.vtree	35	64	2588	7244	0.0300
logsig.v.vtree	32	30	1287	9708	0.0200
minmax.v.vtree	42	23	171	13580	0.0300
h264.v.vtree	10	11	679	3178	0.0000
voter31.v.vtree	31	1	366	5371	0.0100
parallel_search.v.vtree	32	8	226	9890	0.0000
cmul8.v.vtree	16	16	677	101939	1.4000
C17.v	5	2	6	10	0.0002
C2670.v	233	64	761	2746	16.0638
C17.v	5	2	6	10	0.0003
C1908.v	33	25	254	6496	2.7767
C5315.v	178	123	1566	3744	2.2030
C880.v	60	26	337	3410	0.8330
C17.v	5	2	6	10	0.0003
misex3.v	14	14	3254	398	0.1593
C1908.v	33	25	254	6496	2.7943
C5315.v	178	123	1566	3744	2.1778
C880.v	60	26	337	3410	0.8403
C17.v	5	2	6	10	0.0002
misex3.v	14	14	3254	398	0.1614
too_large.v	38	3	5395	1612	0.8036
my_adder.v	33	17	81	113	0.0707
sin.v	35	64	2681	448	0.1939
cosin.v	35	64	2588	488	0.2375
logsig.v	32	30	1287	574	0.0539
minmax.v	42	23	171	1445	0.3227
h264.v	10	11	679	261	0.0457
voter31.v	31	1	366	383	1.9022
parallel_search.v	32	8	226	770	0.6117


0423 fangbq run_sdd
------------------------------------------------
C1355.v	41	32	180	35066	171.3052
C2670.v	233	64	761	2746	15.6597
C499.v	41	32	624	55052	561.3075
C1908.v	33	25	254	6496	2.7533
C5315.v	178	123	1566	3744	2.1658
C880.v	60	26	337	3410	0.8266
C3540.v	50	22	1237	33682	53.0736
C17.v	5	2	6	10	0.0003
misex3.v	14	14	3254	398	0.1607
too_large.v	38	3	5395	1612	0.7972
my_adder.v	33	17	81	113	0.0703
sin.v	35	64	2681	448	0.1924
cosin.v	35	64	2588	488	0.2386
logsig.v	32	30	1287	574	0.0543
minmax.v	42	23	171	1445	0.3198
h264.v	10	11	679	261	0.0462
voter31.v	31	1	366	383	1.9000
Timeout after 1800 seconds
parallel_search.v	32	8	226	770	0.6118
cmul8.v	16	16	677	5053	6.6974
Timeout after 1800 seconds
Timeout after 1800 seconds
Timeout after 1800 seconds
mul20.v	20	20	1103	61059	134.0043
Timeout after 1800 seconds

0423 fangbq run_bdd
------------------------------------------------
C1355.v.vtree	41	32	180	262522	0.2667
C2670.v.vtree	233	64	761	22599	0.0386
C499.v.vtree	41	32	624	343510	0.3691
C1908.v.vtree	33	25	254	86399	0.1204
C5315.v.vtree	178	123	1566	19247	0.0669
C880.v.vtree	60	26	337	27695	0.0355
C3540.v.vtree	50	22	1237	691806	2.7407
C17.v.vtree	5	2	6	9	0.0001
misex3.v.vtree	14	14	3254	21256	0.0853
too_large.v.vtree	38	3	5395	88341	0.2137
my_adder.v.vtree	33	17	81	610	0.0013
sin.v.vtree	35	64	2681	7689	0.0472
cosin.v.vtree	35	64	2588	7237	0.0420
logsig.v.vtree	32	30	1287	9508	0.0295
minmax.v.vtree	42	23	171	6105	0.0358
h264.v.vtree	10	11	679	3176	0.0081
voter31.v.vtree	31	1	366	5724	0.0220
parallel_search.v.vtree	32	8	226	9897	0.0206
cmul8.v.vtree	16	16	677	81735	1.6878
mul20.v.vtree	20	20	1103	983782	30.8624

0423 fangbq rerun_sdd
------------------------------------------------
C1355.v.vtree	41	32	180	63469	0.0674
C2670.v.vtree	233	64	761	10319	0.0223
C499.v.vtree	41	32	624	78186	0.1322
C1908.v.vtree	33	25	254	26276	0.0534
C5315.v.vtree	178	123	1566	8455	0.0458
C880.v.vtree	60	26	337	8343	0.0179
C3540.v.vtree	50	22	1237	211517	1.5461
C17.v.vtree	5	2	6	11	0.0001
misex3.v.vtree	14	14	3254	9450	0.0575
too_large.v.vtree	38	3	5395	35074	0.1784
my_adder.v.vtree	33	17	81	241	0.0006
sin.v.vtree	35	64	2681	4444	0.0366
cosin.v.vtree	35	64	2588	3937	0.0320
logsig.v.vtree	32	30	1287	2243	0.0134
minmax.v.vtree	42	23	171	3861	0.0331
h264.v.vtree	10	11	679	1549	0.0056
voter31.v.vtree	31	1	366	1407	0.0098
parallel_search.v.vtree	32	8	226	3406	0.0078
cmul8.v.vtree	16	16	677	22931	1.4442
mul20.v.vtree	20	20	1103	300360	26.3114
C1355.v.vtree	41	32	180	63469	0.0675
C2670.v.vtree	233	64	761	10319	0.0223
C499.v.vtree	41	32	624	78186	0.1336
C1908.v.vtree	33	25	254	26276	0.0535
C5315.v.vtree	178	123	1566	8455	0.0459
C880.v.vtree	60	26	337	8343	0.0177
C3540.v.vtree	50	22	1237	211517	1.5721
C17.v.vtree	5	2	6	11	0.0001
misex3.v.vtree	14	14	3254	9450	0.0589
too_large.v.vtree	38	3	5395	35074	0.1976
my_adder.v.vtree	33	17	81	241	0.0006
sin.v.vtree	35	64	2681	4444	0.0370
cosin.v.vtree	35	64	2588	3937	0.0360
logsig.v.vtree	32	30	1287	2243	0.0141
minmax.v.vtree	42	23	171	3861	0.0332
h264.v.vtree	10	11	679	1549	0.0058
voter31.v.vtree	31	1	366	1407	0.0096
parallel_search.v.vtree	32	8	226	3406	0.0079
cmul8.v.vtree	16	16	677	22931	1.4589
mul20.v.vtree	20	20	1103	300360	26.7550

final fangbq run_sdd.sh
----------------------------------------------------------------
C1355.v.vtree	41	32	180	262522	0.2303
C2670.v.vtree	233	64	761	22599	0.0344
C499.v.vtree	41	32	624	343510	0.3374
C1908.v.vtree	33	25	254	86399	0.1061
C5315.v.vtree	178	123	1566	19247	0.0597
C880.v.vtree	60	26	337	27695	0.0311
C17.v.vtree	5	2	6	9	0.0001
misex3.v.vtree	14	14	3254	21256	0.0748
too_large.v.vtree	38	3	5395	88341	0.2045
my_adder.v.vtree	33	17	81	610	0.0012
sin.v.vtree	35	64	2681	7689	0.0396
cosin.v.vtree	35	64	2588	7237	0.0352
logsig.v.vtree	32	30	1287	9508	0.0265
minmax.v.vtree	42	23	171	6105	0.0317
h264.v.vtree	10	11	679	3176	0.0079
voter31.v.vtree	31	1	366	5724	0.0200
parallel_search.v.vtree	32	8	226	9897	0.0159
cmul8.v.vtree	16	16	677	81735	1.6530

============================================================
2018年 04月 23日 星期一 16:48:45 CST
------------------------------------------------------------
Benchmarks	Inputs	Outputs	Wires	Node Count	Runtime (s)
C1355.v.vtree	41	32	180	262522	0.2492
C2670.v.vtree	233	64	761	22599	0.0400
C499.v.vtree	41	32	624	343510	0.3494
C1908.v.vtree	33	25	254	86399	0.1157
C5315.v.vtree	178	123	1566	19247	0.0605
C880.v.vtree	60	26	337	27695	0.0326
C3540.v.vtree	50	22	1237	691806	2.7368
C17.v.vtree	5	2	6	9	0.0002
misex3.v.vtree	14	14	3254	21256	0.0845
too_large.v.vtree	38	3	5395	88341	0.1967
my_adder.v.vtree	33	17	81	610	0.0013
sin.v.vtree	35	64	2681	7689	0.0411
cosin.v.vtree	35	64	2588	7237	0.0389
logsig.v.vtree	32	30	1287	9508	0.0273
minmax.v.vtree	42	23	171	6105	0.0318
h264.v.vtree	10	11	679	3176	0.0083
voter31.v.vtree	31	1	366	5724	0.0204
parallel_search.v.vtree	32	8	226	9897	0.0161
cmul8.v.vtree	16	16	677	81735	1.6878
mul20.v.vtree	20	20	1103	983782	31.3224
============================================================
============================================================
2018年 04月 23日 星期一 16:49:57 CST
------------------------------------------------------------
Benchmarks	Inputs	Outputs	Wires	Node Count	Runtime (s)
C1355.v.vtree	41	32	180	131684	0.2493
C2670.v.vtree	233	64	761	10990	0.0350
C499.v.vtree	41	32	624	214640	0.3472
C1908.v.vtree	33	25	254	36518	0.1102
C5315.v.vtree	178	123	1566	8596	0.0683
C880.v.vtree	60	26	337	16244	0.0389
C3540.v.vtree	50	22	1237	221892	2.7812
C17.v.vtree	5	2	6	16	0.0001
misex3.v.vtree	14	14	3254	1574	0.0737
too_large.v.vtree	38	3	5395	1282	0.2132
my_adder.v.vtree	33	17	81	456	0.0018
sin.v.vtree	35	64	2681	4512	0.0478
cosin.v.vtree	35	64	2588	4554	0.0391
logsig.v.vtree	32	30	1287	3264	0.0340
minmax.v.vtree	42	23	171	3324	0.0321
h264.v.vtree	10	11	679	860	0.0080
voter31.v.vtree	31	1	366	510	0.0200
parallel_search.v.vtree	32	8	226	2768	0.0160
cmul8.v.vtree	16	16	677	32258	1.7104
mul20.v.vtree	20	20	1103	445838	31.6469
============================================================
============================================================
2018年 04月 23日 星期一 17:14:30 CST
rerun sdd --------------------------------------------------
Benchmarks	Inputs	Outputs	Wires	Node Count	Runtime (s)
C1355.v.vtree	41	32	180	68048	0.0752
C2670.v.vtree	233	64	761	5853	0.0225
C499.v.vtree	41	32	624	104132	0.1356
C1908.v.vtree	33	25	254	20046	0.0546
C5315.v.vtree	178	123	1566	6209	0.0481
C880.v.vtree	60	26	337	8720	0.0235
C3540.v.vtree	50	22	1237	131215	1.5961
C17.v.vtree	5	2	6	18	0.0001
misex3.v.vtree	14	14	3254	1065	0.0810
too_large.v.vtree	38	3	5395	1042	0.2047
my_adder.v.vtree	33	17	81	252	0.0006
sin.v.vtree	35	64	2681	1310	0.0509
cosin.v.vtree	35	64	2588	1328	0.0379
logsig.v.vtree	32	30	1287	920	0.0148
minmax.v.vtree	42	23	171	2570	0.0419
h264.v.vtree	10	11	679	685	0.0090
voter31.v.vtree	31	1	366	697	0.0146
parallel_search.v.vtree	32	8	226	1787	0.0109
cmul8.v.vtree	16	16	677	24991	1.4816
mul20.v.vtree	20	20	1103	292062	27.1224
============================================================
============================================================
2018年 04月 23日 星期一 22:24:02 CST
run random sdd ---------------------------------------------
Benchmarks	Inputs	Outputs	Wires	Node Count	Runtime (s)
C1355.v.vtree	41	32	180	68048	0.0688
C2670.v.vtree	233	64	761	5853	0.0232
C499.v.vtree	41	32	624	104132	0.1381
C1908.v.vtree	33	25	254	20046	0.0551
C5315.v.vtree	178	123	1566	6209	0.0469
C880.v.vtree	60	26	337	8720	0.0182
C3540.v.vtree	50	22	1237	131215	1.5996
C17.v.vtree	5	2	6	18	0.0001
misex3.v.vtree	14	14	3254	1065	0.0603
too_large.v.vtree	38	3	5395	1042	0.2189
my_adder.v.vtree	33	17	81	252	0.0006
sin.v.vtree	35	64	2681	1310	0.0410
cosin.v.vtree	35	64	2588	1328	0.0402
logsig.v.vtree	32	30	1287	920	0.0134
minmax.v.vtree	42	23	171	2570	0.0335
h264.v.vtree	10	11	679	685	0.0059
voter31.v.vtree	31	1	366	697	0.0097
parallel_search.v.vtree	32	8	226	1787	0.0079
cmul8.v.vtree	16	16	677	24991	1.5016
mul20.v.vtree	20	20	1103	292062	27.1978
============================================================
============================================================
2018年 04月 23日 星期一 23:12:26 CST
run random sdd ---------------------------------------------
Benchmarks	Inputs	Outputs	Wires	Node Count	Runtime (s)
============================================================
============================================================
2018年 04月 23日 星期一 23:13:15 CST
run random sdd ---------------------------------------------
Benchmarks	Inputs	Outputs	Wires	Node Count	Runtime (s)
C17.vtree	5	2	6	30	0.0001
misex3.vtree	14	14	3254	2902	0.2297
too_large.vtree	38	3	5395	3116	11.4128
my_adder.vtree	33	17	81	626	0.0013
sin.vtree	35	64	2681	4762	0.0384
cosin.vtree	35	64	2588	1596	0.0290
logsig.vtree	32	30	1287	7522	0.0594
minmax.vtree	42	23	171	4828	0.0825
h264.vtree	10	11	679	1149	0.0082
============================================================
============================================================
2018年 04月 23日 星期一 23:14:20 CST
run random sdd ---------------------------------------------
Benchmarks	Inputs	Outputs	Wires	Node Count	Runtime (s)
C17.vtree	5	2	6	30	0.0001
misex3.vtree	14	14	3254	2902	0.2205
my_adder.vtree	33	17	81	626	0.0013
sin.vtree	35	64	2681	4762	0.0467
cosin.vtree	35	64	2588	1596	0.0311
logsig.vtree	32	30	1287	7522	0.0663
minmax.vtree	42	23	171	4828	0.0874
h264.vtree	10	11	679	1149	0.0081
============================================================
============================================================
2018年 04月 24日 星期二 00:40:11 CST
run random sdd ---------------------------------------------
Benchmarks	Inputs	Outputs	Wires	Node Count	Runtime (s)
C17.vtree	5	2	6	30	0.0002
misex3.vtree	14	14	3254	2902	0.2387
my_adder.vtree	33	17	81	626	0.0014
sin.vtree	35	64	2681	4762	0.0418
cosin.vtree	35	64	2588	1596	0.0345
logsig.vtree	32	30	1287	7522	0.0596
minmax.vtree	42	23	171	4828	0.0852
h264.vtree	10	11	679	1149	0.0084
C17.vtree	5	2	6	27	0.0001
misex3.vtree	14	14	3254	8575	0.2293
my_adder.vtree	33	17	81	217084	0.2384
sin.vtree	35	64	2681	3233	0.0633
cosin.vtree	35	64	2588	14554	0.2199
logsig.vtree	32	30	1287	4033	0.0371
h264.vtree	10	11	679	890	0.0083
C17.vtree	5	2	6	21	0.0001
misex3.vtree	14	14	3254	7639	0.2327
my_adder.vtree	33	17	81	97118	0.0695
sin.vtree	35	64	2681	1779	0.0331
cosin.vtree	35	64	2588	5144	0.0950
logsig.vtree	32	30	1287	9256	0.1769
h264.vtree	10	11	679	1259	0.0115
C17.vtree	5	2	6	20	0.0001
misex3.vtree	14	14	3254	3249	0.1334
my_adder.vtree	33	17	81	100328	0.0791
sin.vtree	35	64	2681	2123	0.0379
cosin.vtree	35	64	2588	3460	0.0419
logsig.vtree	32	30	1287	6300	0.1180
h264.vtree	10	11	679	1063	0.0087
C17.vtree	5	2	6	30	0.0001
misex3.vtree	14	14	3254	3568	0.1024
my_adder.vtree	33	17	81	57640	0.0641
sin.vtree	35	64	2681	3983	0.0427
cosin.vtree	35	64	2588	2201	0.0424
logsig.vtree	32	30	1287	3751	0.0245
h264.vtree	10	11	679	1093	0.0098
C17.vtree	5	2	6	26	0.0001
misex3.vtree	14	14	3254	5704	0.3726
my_adder.vtree	33	17	81	23507	0.0243
sin.vtree	35	64	2681	5263	0.0461
cosin.vtree	35	64	2588	2675	0.0369
logsig.vtree	32	30	1287	3945	0.0332
h264.vtree	10	11	679	1242	0.0167
C17.vtree	5	2	6	22	0.0001
misex3.vtree	14	14	3254	6560	1.1250
my_adder.vtree	33	17	81	16702	0.0227
sin.vtree	35	64	2681	2392	0.0377
cosin.vtree	35	64	2588	3604	0.0573
logsig.vtree	32	30	1287	4619	0.0452
h264.vtree	10	11	679	1468	0.0111
C17.vtree	5	2	6	16	0.0001
misex3.vtree	14	14	3254	3822	0.1157
my_adder.vtree	33	17	81	63118	0.0485
sin.vtree	35	64	2681	2623	0.0410
cosin.vtree	35	64	2588	2009	0.0395
logsig.vtree	32	30	1287	2025	0.0209
h264.vtree	10	11	679	946	0.0088
C17.vtree	5	2	6	22	0.0001
misex3.vtree	14	14	3254	5301	0.2655
my_adder.vtree	33	17	81	21496	0.0247
sin.vtree	35	64	2681	4092	0.0418
cosin.vtree	35	64	2588	5674	0.0905
logsig.vtree	32	30	1287	4730	0.0381
h264.vtree	10	11	679	1033	0.0118
C17.vtree	5	2	6	15	0.0001
misex3.vtree	14	14	3254	3375	0.1054
my_adder.vtree	33	17	81	17816	0.0125
sin.vtree	35	64	2681	3483	0.0522
cosin.vtree	35	64	2588	2826	0.0690
logsig.vtree	32	30	1287	3272	0.0295
h264.vtree	10	11	679	1287	0.0117
============================================================
============================================================
2018年 04月 24日 星期二 08:01:28 CST
rerun sdd --------------------------------------------------
Benchmarks	Inputs	Outputs	Wires	Node Count	Runtime (s)
C1355.v.vtree	41	32	180	68048	0.0824
C2670.v.vtree	233	64	761	5853	0.0311
C499.v.vtree	41	32	624	104132	0.1452
C1908.v.vtree	33	25	254	20046	0.0732
C5315.v.vtree	178	123	1566	6209	0.0643
C880.v.vtree	60	26	337	8720	0.0184
C3540.v.vtree	50	22	1237	131215	1.6515
C17.v.vtree	5	2	6	18	0.0001
misex3.v.vtree	14	14	3254	1065	0.0659
too_large.v.vtree	38	3	5395	1042	0.1992
my_adder.v.vtree	33	17	81	252	0.0006
sin.v.vtree	35	64	2681	1310	0.0544
cosin.v.vtree	35	64	2588	1328	0.0431
logsig.v.vtree	32	30	1287	920	0.0154
minmax.v.vtree	42	23	171	2570	0.0349
h264.v.vtree	10	11	679	685	0.0089
voter31.v.vtree	31	1	366	697	0.0119
parallel_search.v.vtree	32	8	226	1787	0.0083
cmul8.v.vtree	16	16	677	24991	1.4847
mul20.v.vtree	20	20	1103	292062	28.2843
============================================================
============================================================
2018年 04月 24日 星期二 08:04:49 CST
rerun sdd --------------------------------------------------
Benchmarks	Inputs	Outputs	Wires	Node Count	Runtime (s)
C2670.v.vtree	233	64	761	5803	0.0252
C1908.v.vtree	33	25	254	20046	0.0690
C5315.v.vtree	178	123	1566	6209	0.0580
C880.v.vtree	60	26	337	8720	0.0201
C17.v.vtree	5	2	6	18	0.0001
misex3.v.vtree	14	14	3254	1065	0.0778
too_large.v.vtree	38	3	5395	1045	0.1895
my_adder.v.vtree	33	17	81	252	0.0006
sin.v.vtree	35	64	2681	1310	0.0407
cosin.v.vtree	35	64	2588	1328	0.0380
logsig.v.vtree	32	30	1287	906	0.0142
minmax.v.vtree	42	23	171	4093	0.0614
h264.v.vtree	10	11	679	685	0.0063
voter31.v.vtree	31	1	366	682	0.0099
parallel_search.v.vtree	32	8	226	1787	0.0078
cmul8.v.vtree	16	16	677	29337	1.2476
============================================================
============================================================
2018年 04月 24日 星期二 08:06:20 CST
rerun sdd --------------------------------------------------
Benchmarks	Inputs	Outputs	Wires	Node Count	Runtime (s)
C1355.v.vtree	41	32	180	68048	0.0748
C2670.v.vtree	233	64	761	5853	0.0254
C499.v.vtree	41	32	624	104132	0.1574
C1908.v.vtree	33	25	254	20046	0.0576
C5315.v.vtree	178	123	1566	6209	0.0507
C880.v.vtree	60	26	337	8720	0.0183
C3540.v.vtree	50	22	1237	131215	1.6394
C17.v.vtree	5	2	6	18	0.0001
misex3.v.vtree	14	14	3254	1065	0.0606
too_large.v.vtree	38	3	5395	1042	0.2134
my_adder.v.vtree	33	17	81	252	0.0006
sin.v.vtree	35	64	2681	1310	0.0406
cosin.v.vtree	35	64	2588	1328	0.0398
logsig.v.vtree	32	30	1287	920	0.0154
minmax.v.vtree	42	23	171	2570	0.0354
h264.v.vtree	10	11	679	685	0.0060
voter31.v.vtree	31	1	366	697	0.0109
parallel_search.v.vtree	32	8	226	1787	0.0087
cmul8.v.vtree	16	16	677	24991	1.6002
mul20.v.vtree	20	20	1103	292062	28.6788
============================================================
============================================================
2018年 04月 24日 星期二 08:08:46 CST
rerun sdd --------------------------------------------------
Benchmarks	Inputs	Outputs	Wires	Node Count	Runtime (s)
C1355.v.vtree	41	32	180	68048	0.0760
C2670.v.vtree	233	64	761	5853	0.0221
C499.v.vtree	41	32	624	104132	0.1453
C1908.v.vtree	33	25	254	20046	0.0588
C5315.v.vtree	178	123	1566	6209	0.0493
C880.v.vtree	60	26	337	8720	0.0268
C3540.v.vtree	50	22	1237	131215	1.7284
C17.v.vtree	5	2	6	18	0.0001
misex3.v.vtree	14	14	3254	1065	0.0585
too_large.v.vtree	38	3	5395	1042	0.2023
my_adder.v.vtree	33	17	81	252	0.0011
sin.v.vtree	35	64	2681	1310	0.0388
cosin.v.vtree	35	64	2588	1328	0.0421
logsig.v.vtree	32	30	1287	920	0.0219
minmax.v.vtree	42	23	171	2570	0.0345
h264.v.vtree	10	11	679	685	0.0059
voter31.v.vtree	31	1	366	697	0.0099
parallel_search.v.vtree	32	8	226	1787	0.0086
cmul8.v.vtree	16	16	677	24991	1.5048
mul20.v.vtree	20	20	1103	292062	28.7806
============================================================
